%% Data from Hellwig 1994

fiber = struct([]);
fiber(1).pos = [2.717739890514764, 1.0063415351373468
6.165949621447005, 1.008182625983673
8.464756108735173, 1.0094100198812241
11.146697010571366, 1.010841979428367
13.062369083311495, 1.011864807676326
15.744309985147687, 1.0132967672234687
17.659982057887824, 1.0143195954714277
25.322670348848362, 1.0184109084632644
26.855208007040474, 1.0192291710616317
28.770880079780618, 1.0202519993095907
30.303417737972715, 1.021070261907958
31.835955396164827, 1.0218885245063252
34.90103071254904, 1.0235250497030601
36.81670278528918, 1.024547877951019
38.34924044348129, 1.0253661405493864
39.49864368712538, 1.025979837498162
42.946853418057614, 1.0278209283444881
44.479391076249726, 1.0286391909428558
46.39506314898985, 1.0296620191908148
50.992676123566184, 1.0321168069859166
52.525213781758296, 1.0329350695842838
56.73969234178658, 1.035185291729794
68.2337247782274, 1.041322261217549
69.38312802187149, 1.0419359581663241
70.9156656800636, 1.0427542207646918
73.9807409964478, 1.0443907459614263
77.04581631283203, 1.0460272711581609
78.1952195564761, 1.0466409681069364
78.96148838557217, 1.0470500994061198
81.26029487286033, 1.048277493303671
82.79283253105244, 1.0490957559020382
84.32537018924455, 1.0499140185004054
87.39044550562875, 1.05155054369714
91.60492406565704, 1.05380076584265
94.66999938204127, 1.055437291039385
98.11820911297352, 1.0572783818857112
99.65074677116563, 1.0580966444840785
105.39776298938602, 1.0611651292279558];

fiber(2).pos = [3.831344145480273, 2.0035990768975065
5.363881803672385, 2.0044173394958738
8.045822705508577, 2.0058492990430166
10.727763607344762, 2.0072812585901594
13.79283892372898, 2.008917783786894
18.390451898305308, 2.0113725715819957
21.072392800141493, 2.0128045311291385
22.604930458333598, 2.0136227937275057
23.754333701977686, 2.0142364906762813
26.819409018361902, 2.015873015873016
29.118215505650056, 2.017100409770567
31.800156407486256, 2.0185323693177097
33.71582848022639, 2.0195551975656687
35.63150055296652, 2.0205780258136277
36.780903796610616, 2.021191722762403
38.31344145480273, 2.0220099853607705
40.22911352754285, 2.02303281360873
42.144785600283, 2.024055641856689
44.06045767302314, 2.0250784701046483
45.592995331215235, 2.0258967327030155
47.50866740395537, 2.0269195609509745
50.95687713488762, 2.0287606517973007
60.15210308404028, 2.0336702273875047
61.30150632768435, 2.0342839243362802
62.450909571328424, 2.034897621285056
63.60031281497251, 2.0355113182338314
64.7497160586166, 2.0361250151826065
65.89911930226069, 2.036738712131382
69.34732903319292, 2.0385798029777087
71.26300110593306, 2.0396026312256677
72.41240434957713, 2.040216328174443
74.32807642231727, 2.041239156422402
75.47747966596135, 2.0418528533711777
77.01001732415347, 2.042671115969545
78.9256893968936, 2.0436939442175044
81.60763029872979, 2.045125903764647
83.1401679569219, 2.0459441663630145
84.67270561511401, 2.0467624289613817
86.20524327330611, 2.047580691559749
94.2510659788147, 2.0518765702011774
95.40046922245877, 2.0524902671499525
97.31614129519889, 2.053513095397912
99.9980821970351, 2.0549450549450547
102.29688868432322, 2.0561724488426054
103.82942634251535, 2.0569907114409727
106.89450165889957, 2.0586272366377076
110.3427113898318, 2.060468327484034
113.79092112076404, 2.0623094183303605
116.08972760805221, 2.063536812227911
118.00539968079235, 2.0645596404758706
120.3042061680805, 2.0657870343734213
123.75241589901276, 2.067628125219748
126.0512223863009, 2.0688555191172986
127.58376004449303, 2.0696737817156663
129.49943211723317, 2.0706966099636253
133.33077626271344, 2.0727422664595436
139.07779248093385, 2.075810751203421
136.01271716454963, 2.0741742260066864
145.20794311370227, 2.07908380159689];

fiber(3).pos = [16.05584642233857, 3.0067890224958287
19.120921738722792, 3.0084255476925637
27.93301327332742, 3.0131305576331755
30.998088589711628, 3.01476708282991
34.44629832064387, 3.0166081736762367
38.660776880672174, 3.0188583958217468
39.81018012431625, 3.019472092770522
41.72585219705638, 3.0204949210184813
42.87525544070047, 3.021108617967257
45.94033075708468, 3.0227451431639913
47.08973400072877, 3.023358840112767
48.62227165892088, 3.024177102711134
53.603019048045226, 3.0268364561558276
56.668094364429436, 3.0284729813525626
57.81749760807352, 3.0290866783013377
59.73316968081366, 3.030109506549297
63.18137941174591, 3.0319505973956233
65.48018589903407, 3.0331779912931744
68.5452612154183, 3.034814516489909
72.37660536089855, 3.0368601729858273
74.29227743363869, 3.0378830012337863
80.42242806640714, 3.0411560516272558
82.7212345536953, 3.0423834455248064
84.25377221188741, 3.0432017081231737
85.78630987007949, 3.0440199707215414
87.70198194281964, 3.0450427989695004
89.23451960101175, 3.0458610615678676
95.74780464832823, 3.049338677610929
96.51407347742426, 3.049747808910112
102.26108969564467, 3.0528162936539895
104.55989618293285, 3.0540436875515407
111.07445976555925, 3.021926880565624
114.90580391103956, 3.023972537061542
120.65282012925994, 3.02704102180542
125.6335675183843, 3.0297003752501133
127.93237400567247, 3.0309277691476644
130.23118049296062, 3.032155163045215
131.76371815115272, 3.0329734256435827
133.29625580934484, 3.03379168824195
137.51073436937313, 3.03604191038746
140.1926752712093, 3.037473869934603
144.02401941668958, 3.039519526430521
150.15417004945803, 3.0427925768239903
156.28432068222648, 3.0460656272174593
159.7325304131587, 3.047906718063786
163.563874558639, 3.049952374559704
166.62894987502318, 3.051588899756439
151.68670770765013, 3.0436108394223576
152.45297653674618, 3.044019970721541
153.21924536584226, 3.044429102020725
170.07715960595544, 3.053429990602765
171.60969726414754, 3.0542482532011324
176.20731023872386, 3.0567030409962346
178.122982311464, 3.0577258692441935
180.8049232133002, 3.0591578287913364
183.10372970058836, 3.0603852226888875
184.25313294423242, 3.0609989196376626
187.70134267516468, 3.0628400104839892
196.89656862431735, 3.067749586074193
201.49418159889368, 3.070204373869295
204.17612250072983, 3.071636333416438
205.70866015892196, 3.072454596014805
208.00746664621013, 3.0736819899123557
209.1568698898542, 3.0742956868611313
215.6714334724806, 3.0421788798752143
218.73650878886482, 3.043815405071949
219.5027776179609, 3.0442245363711327
224.86665942163327, 3.0470884554654183
227.16546590892142, 3.048315849362969
228.69800356711352, 3.049134111961336
229.8474068107576, 3.0497478089101118
231.3799444689497, 3.050566071508479
235.21128861442998, 3.0526117280043974
237.51009510171815, 3.0538391219019485
242.87397690539052, 3.056703040996234
245.93905222177477, 3.0583395661929687
247.47158987996687, 3.059157828791336
249.38726195270698, 3.060180657039295
251.68606843999515, 3.061408050936846
253.98487492728333, 3.0626354448343966
254.75114375637935, 3.0630445761335805
255.51741258547543, 3.0634537074327644
256.66681582911946, 3.0640674043815395
258.5824879018596, 3.065090232629499
262.4138320473399, 3.067135889125417
264.71263853462807, 3.068363283022968
266.24517619282017, 3.069181545621335
267.77771385101227, 3.0699998082197024
271.60905799649254, 3.072045464715621
276.97293980016497, 3.0749093838099064
279.2717462874531, 3.0761367777074575
281.18741836019325, 3.0771596059554165
288.4669722366058, 3.081046353297661
283.4862248474814, 3.0783869998529676
284.63562809112545, 3.0790006968017427
286.16816574931755, 3.0798189594001104
292.68145079663407, 3.083296575443171
293.83085404027815, 3.0839102723919467
295.74652611301826, 3.084933100639906
298.04533260030644, 3.0861604945374568
299.57787025849854, 3.086978757135824
300.7272735021426, 3.0875924540845996
301.8766767457867, 3.088206151033375
304.94175206217096, 3.0898426762301097
311.0731812302493, 3.057521303594601
312.6057188884414, 3.058339566192968
314.1382565466335, 3.0591578287913355
315.6707942048256, 3.0599760913897027
317.20333186301775, 3.06079435398807
318.73586952120985, 3.0616126165864372
